global_bias:4.072
A1F6BNAU3L19U7:B0001DT3ZY	3.410840	2.000000	1.410840
A3SNJLE08A7C5Z:B00068TSGS	2.126924	1.000000	1.126924
ANGJPE7YZEHZO:B0001DT3ZE	4.265722	4.000000	0.265722
A3DTK81PINOVR2:B0001DUCDQ	4.399663	5.000000	-0.600337
A3DTK81PINOVR2:B0001DUCC2	4.320676	5.000000	-0.679324
A7ULC6SYD1BJB:B000KI87Y8	4.309793	5.000000	-0.690207
A7ES5QRFLL05U:B0001DT3YU	4.092169	5.000000	-0.907831
A1JS4VJ2VYKF1R:B000MVZ2E6	4.801334	5.000000	-0.198666
A2IIRLGKSLS34G:B000MVZ2E6	4.569102	5.000000	-0.430898
A28I9UDO2DN2MB:B000MVZ2E6	4.836556	5.000000	-0.163444
A2QG0KKKVFD2AB:B000JQQTGY	4.528052	3.000000	1.528052
A11CPPQ0786LGK:B000F8VE52	4.287943	4.000000	0.287943
A1NJ4V3VKN25B4:B000FBK43W	3.082938	5.000000	-1.917062
A20LJ7UG8S2IDR:B000MVZ2E6	4.554505	5.000000	-0.445495
A2NWV2BM58OZVC:B000F8V2GI	3.469918	2.000000	1.469918
A1KNVBTGOTFDRW:B000MVZ2E6	5.066887	5.000000	0.066887
A1VPP06E6B93VO:B000N2Y632	4.495848	5.000000	-0.504152
A18UQGTQY711F1:B000MVZ2E6	4.420204	5.000000	-0.579796
A172RKL9C4YETB:B000E5DQSY	4.232236	5.000000	-0.767764
A1GB2MC5XSNUBF:B0006BB7ZK	4.068238	5.000000	-0.931762
A1GZRDJ1L1MP3S:B00004OCKL	3.271196	4.000000	-0.728804
A24TMYJK6UZ51X:B0006GBSXG	4.665736	5.000000	-0.334264
A3VW2YU3B4G6XM:B000HXMKXK	3.222215	3.000000	0.222215
A3GIACYEUCJ043:B0009VXFFC	3.682713	3.000000	0.682713
A2OQQN5UCZWUTL:B000HV2U6O	3.718193	3.000000	0.718193
A1CTPTEEOQ2DYV:B000MWXPKI	4.095600	4.000000	0.095600
A5YFJSHUU669B:B000JQQTGY	4.667485	5.000000	-0.332515
ARQAQ6ZYMFPCA:B000140KIW	4.356787	5.000000	-0.643213
A2YMZM2WJS9C0L:B000FBK446	4.318689	5.000000	-0.681311
AQPE676YIL7G6:B000HHM20M	4.544934	5.000000	-0.455066
AJCJF9KT8E223:B000I36ZNA	4.413809	5.000000	-0.586191
A5D7D4XNXXNFR:B00004OCKL	3.260862	4.000000	-0.739138
AWA7GH4YR8UEY:B000B7OSU0	4.388581	4.000000	0.388581
AEO90GAPKHTRC:B000F8V2GI	3.456184	4.000000	-0.543816
A1OAHD89D6NML1:B0006IKE7U	3.621167	3.000000	0.621167
A3VQYAI21639A6:B000MVZ2E6	4.995504	5.000000	-0.004496
A1764MBFJBH6YX:B000OVPEYM	3.440963	1.000000	2.440963
A1G96ENSU25I3M:B000FDXPKY	4.364020	5.000000	-0.635980
A2OEZ47J9P5BV5:B00070QQZQ	4.777381	5.000000	-0.222619
A2MGIKZO7ZK1MJ:B000F8VE52	4.224716	4.000000	0.224716
A16ZNNHEC742JE:B000GQQ2XM	4.072817	5.000000	-0.927183
A3E10QUVKFHXL8:B0000X1H90	4.509422	5.000000	-0.490578
A1UZWQTU7CPAJJ:B000B7OSRS	4.788433	5.000000	-0.211567
A1AUXDAAZR2VNT:B000G6HRZE	2.882654	1.000000	1.882654
A11JFRBFQSMJYQ:B000MWXPKI	4.695979	5.000000	-0.304021
A6QNCNN5A9J4G:B000CFD5SC	2.456312	1.000000	1.456312
A1Q6J7ML864GY2:B000JQQTGY	4.325220	5.000000	-0.674780
A4E6NSQHHLSE9:B000ADYTSQ	4.624179	5.000000	-0.375821
AAJOH5Y4HE1BO:B000GBRP4M	4.122240	5.000000	-0.877760
A2DVQSTEMMSANK:B000HHM20M	4.551344	3.000000	1.551344
A1Z54EM24Y40LL:B000MWXPKI	4.494752	4.000000	0.494752
A2B5LSGYNV9VJJ:B000FBK43W	2.993411	2.000000	0.993411
AK8EC1RTUZ75K:B0007XKGM2	4.439104	5.000000	-0.560896
A215DQ7IMZ8N3G:B000HHM20M	4.592151	5.000000	-0.407849
AZMELEJ2JMXCC:B000MWXPKI	4.131945	4.000000	0.131945
A179UQOK1DNT0A:B0000BYD4Y	4.071971	5.000000	-0.928029
A3O1ES7RVF5IG8:B000G6HRZE	4.213849	5.000000	-0.786151
A28D0RRDACW7H7:B000HXMKXK	3.928162	5.000000	-1.071838
AI2QNQ9HLJS:B000FBK446	4.184241	5.000000	-0.815759
A1XGHD6ASL0GOQ:B000PGZPEU	4.610216	5.000000	-0.389784
A3B5LZ19WZF5AF:B000HHM20M	4.709591	5.000000	-0.290409
A3MQ23S4OQHVNE:B000093IN2	4.577130	5.000000	-0.422870
A2HEEZBGEFQVJD:B000MVZ2E6	4.524446	5.000000	-0.475554
A3BELH1EUUE6RQ:B00004OCKL	2.726937	2.000000	0.726937
A2S2S0A3VIPBAG:B00070QQZQ	4.458393	5.000000	-0.541607
A33IL4O53TFX9A:B000MWXPKI	4.211860	5.000000	-0.788140
A28VYX5P3K4DIE:B0001DT3ZE	4.365441	5.000000	-0.634559
A2M1863O652DNZ:B000KI87Y8	4.355296	4.000000	0.355296
A10OA1BA55VVXS:B00068TSGS	2.426033	1.000000	1.426033
A3DLC4CD5QTHI2:B000B7OSTG	4.373890	5.000000	-0.626110
A3TDWABW0TPXUO:B000MVZ2E6	4.624353	5.000000	-0.375647
AP1INN023G0CT:B000B7OSTG	4.125748	5.000000	-0.874252
A1Q8QBPQ276Y1R:B000PGZPEU	4.664297	5.000000	-0.335703
A3MPKYCMM823YI:B000ADYTAE	4.065129	5.000000	-0.934871
AKXINCLKLW68B:B000MVZ2E6	4.684844	5.000000	-0.315156
A2DEFSNM4ASLWM:B000AE65P0	4.907204	5.000000	-0.092796
A3LQZ97O5TO2ED:B000JQQTGY	5.014890	5.000000	0.014890
A1HTIOUFEYIZOC:B0006IK1LO	4.006945	5.000000	-0.993055
A3L5RZ7PJPXWRP:B0009VXFFC	3.417163	2.000000	1.417163
AIOPJQXIUA554:B000N2Y632	4.788414	5.000000	-0.211586
AVLINEX3IUL15:B000N4VYRQ	2.921845	1.000000	1.921845
A1UQX1O5CKA7AJ:B000GQQ2XM	4.427798	5.000000	-0.572202
A1QP92928OVG92:B0000BYD4Y	4.767804	5.000000	-0.232196
AUUJDLYBZNARV:B000MVZ2E6	4.974638	5.000000	-0.025362
A3M24ZEBYQEUM3:B0001DT3ZE	4.061175	4.000000	0.061175
A283W4P7EVCKRH:B000HXMKXK	3.005708	1.000000	2.005708
A3D10RJ1WH70ZT:B0001DT3YU	3.917915	4.000000	-0.082085
A2ABWO0AWCFFNM:B000MWXPKI	3.963318	5.000000	-1.036682
A2Q8M9JZWADGGC:B0007XKGM2	3.934451	1.000000	2.934451
A82EJXWJNJ1DC:B0001DT3ZE	4.391159	4.000000	0.391159
A1URDXK9QG6XJ9:B0001DT3ZE	4.539856	5.000000	-0.460144
A3GQZX4D2ADYL8:B000FGVIGY	1.844851	1.000000	0.844851
A301TJOEODGMQ0:B000HHM20M	4.850446	5.000000	-0.149554
A10IDD4TT91UOC:B000OVK2LW	4.082064	4.000000	0.082064
AM9UYN10BXJ7K:B0000BYD4U	4.268859	5.000000	-0.731141
A85UDY4J6FQA8:B000CFD5SC	2.832752	5.000000	-2.167248
A1VUH4GU3HDQX:B000HHM20M	4.308589	4.000000	0.308589
A1GLL2VDHUWP5O:B0001MTUKS	3.535681	3.000000	0.535681
A3P7XJ856G0FKL:B0001DT3YU	3.704777	1.000000	2.704777
A25MMKZFMLV94S:B000GQQ2XM	4.056840	4.000000	0.056840
A21M5GICTMDJPT:B0001DT3ZE	4.620520	5.000000	-0.379480
A1ZY5DK78BW4WI:B000B7OSSW	4.353107	5.000000	-0.646893
A38B8MH526PY16:B000FBK43W	2.333889	1.000000	1.333889
A3DTAWUM5LHWTE:B000OVK27G	4.367700	4.000000	0.367700
A18WXGAZX1Q4GU:B000FA9AX8	3.807224	3.000000	0.807224
A1WELP2J0O1Y0E:B000FGVIGY	2.058594	1.000000	1.058594
A1EUXCLMW6VX39:B000B7OSS2	3.590680	2.000000	1.590680
A2AL8Q4C5SXQQ0:B000F8VE52	4.326761	4.000000	0.326761
A1Y026XSV1QG3C:B000FBK446	3.843119	5.000000	-1.156881
A3307UI9G2I6Y8:B0006HBT8O	4.261923	5.000000	-0.738077
A315MAVXDMQVMB:B000FBK43W	2.669474	1.000000	1.669474
A3LILKXIB2TH7N:B0001DUBWI	4.620953	5.000000	-0.379047
A3OXS7GH1XZ5UV:B000B7OSSW	5.074209	5.000000	0.074209
A3J8ASO3LMH7OY:B000MWXPKI	3.930231	2.000000	1.930231
A2FRFAQCWZJT3Q:B0001DUCDQ	3.499819	2.000000	1.499819
A2FRFAQCWZJT3Q:B0001DUCC2	3.449630	2.000000	1.449630
A2SAWV3HWTS3QU:B000MWXPKI	4.098762	5.000000	-0.901238
A2E99109KH4DCC:B000KI87Y8	4.392732	5.000000	-0.607268
A31HZX03XTK4E0:B0000BYD4U	4.093604	4.000000	0.093604
A2PT4NKNDECTWN:B000KI87Y8	4.374585	3.000000	1.374585
A3HKVSY4TPBUW8:B000K0G3KG	2.957847	1.000000	1.957847
A2JNO9OR8FGNR4:B000B7OSU0	4.291923	5.000000	-0.708077
A18D2M9V2970WP:B000N2Y632	4.340928	5.000000	-0.659072
A347OFE40EGOMI:B0000BYD4Y	3.839921	3.000000	0.839921
A1NRF270H9QGK3:B0006HFD2W	4.421771	4.000000	0.421771
AG956QOSJ4QU8:B000HDQBFI	3.944317	4.000000	-0.055683
ALSNONOISZXBF:B000Q5Z2PM	4.193280	5.000000	-0.806720
A2WCVS2K4TS9JN:B000Q5Z2PM	3.911123	3.000000	0.911123
A3U5W4MQ7HA99U:B000GBRPJM	4.239047	5.000000	-0.760953
AXGXMDC4NUJH1:B000G6HRZE	3.349625	2.000000	1.349625
A12WGB45GVX6FB:B00068TSGS	2.250541	4.000000	-1.749459
A2E1CHHGEDAWUP:B0001DT3ZE	4.410874	5.000000	-0.589126
A1CPLSCPP7A9RY:B000GBRPME	3.960306	4.000000	-0.039694
A2Y18FBEBNP851:B000PGZPEU	4.245801	5.000000	-0.754199
A91K5PEJNKXVY:B0009J8UUY	4.487436	5.000000	-0.512564
ALKZ8SKNU1YVQ:B000OVNMFK	4.246252	5.000000	-0.753748
A29DNLXA5WC3G5:B000JQQTGY	4.787391	5.000000	-0.212609
A2XR8M0HCLKIVD:B0001DT3ZE	4.745940	5.000000	-0.254060
A1ZP5A9J0FYABS:B000B7OSSW	4.595515	5.000000	-0.404485
A3R9WKJ1MUS9EB:B000FGVIGY	1.999348	1.000000	0.999348
A1O3JGSMG9H5EH:B0000BYD4Y	4.777028	5.000000	-0.222972
A1G0B8VI2A8U2F:B0006OKNMU	5.035937	5.000000	0.035937
A2RD8DPUPNLORK:B000FBK43W	3.478100	5.000000	-1.521900
A1I8YIJPHIKVSI:B000MVZ2E6	4.682825	5.000000	-0.317175
A3CIONA9DQPP5E:B000E7A9ZK	4.677878	5.000000	-0.322122
A3CIONA9DQPP5E:B000KIA94O	4.591140	5.000000	-0.408860
A3QXP75ITOY9FN:B000OVK27Q	3.969109	5.000000	-1.030891
A3TYM6QUC7DUOE:B0006IK1L4	4.676741	5.000000	-0.323259
AYVLWW3TVNGQV:B000MVZ2E6	4.449687	4.000000	0.449687
AC4J8991KZTF7:B00004OCKL	3.246791	5.000000	-1.753209
A3489B06WBSGGF:B0000BYD4Y	4.376794	4.000000	0.376794
A1QM7XBLK24PD9:B000OVPESS	3.896554	3.000000	0.896554
A3CXFTI9OU57SQ:B00004OCKL	3.173309	3.000000	0.173309
A34Q40XS4D89MF:B000HXMKXK	3.568473	5.000000	-1.431527
A3AQLMUF4T17O8:B000MVZ2E6	4.881373	5.000000	-0.118627
A1KNBW86O1OG5K:B0001DSKBW	4.052300	4.000000	0.052300
A3EOYN87MMNHL1:B0009RLJW2	4.289334	5.000000	-0.710666
A3DSLYMEG97NOK:B000B7OSSW	4.068735	4.000000	0.068735
A3IXI13IK177O5:B000F8VE52	4.093823	4.000000	0.093823
A14O3FLID3TR6M:B000FBK446	4.303449	5.000000	-0.696551
A17JOFVTSWP5NK:B000KI87Y8	4.867792	5.000000	-0.132208
A37YXNNZ1K90NO:B000FBK43W	2.791748	1.000000	1.791748
A1A7KVASBX9YEY:B0007XKGM2	4.289336	5.000000	-0.710664
AQI31HNN4BEIK:B000140KIW	3.625806	2.000000	1.625806
AJJ7D31E0X0WM:B00004OCKL	3.022128	2.000000	1.022128
A2MKB894E6IDP8:B000B7OSSW	4.807627	5.000000	-0.192373
A2S1GFEPD1SBI5:B000FGVIGY	2.026771	1.000000	1.026771
A18PIVR7NDP2Y8:B0001DS7FQ	4.043237	4.000000	0.043237
ARI2FO1FXZZE8:B000IG87QK	4.857130	5.000000	-0.142870
A39ITKVTI8YHTJ:B000JQQTGY	4.985468	5.000000	-0.014532
A2ZJDGVJ45AR5W:B000F8V2BI	4.088165	5.000000	-0.911835
AX1SE25U7P6I8:B000B7OSRS	4.634822	5.000000	-0.365178
ACXNOTCSX8G9F:B000AMNT92	3.231876	1.000000	2.231876
A3JT70UYMEKESY:B000MVZ2E6	4.735090	5.000000	-0.264910
A281TTO5XXQPDS:B000IG2OUU	3.406010	2.000000	1.406010
ATTH4YTTVI8D9:B0007XKGOA	4.265139	5.000000	-0.734861
A2F7XPW8046HOL:B000CFD5SC	2.278696	2.000000	0.278696
A3DS5UD1QZ7OJY:B000MVZ2E6	3.949305	4.000000	-0.050695
AMO7ZL6L9JP3X:B0007XKGOA	4.307641	5.000000	-0.692359
A9CYJUPV5KT2D:B0001DUCDQ	4.086373	5.000000	-0.913627
AR7TZELHR84F3:B0007XKGJ0	2.938985	1.000000	1.938985
A3F7P3FYUN8639:B000MVZ2E6	4.759854	5.000000	-0.240146
A3OUTTQDB233GL:B000AE65P0	4.543921	5.000000	-0.456079
A2EIBZZWRFXMAX:B00000IUF7	4.278768	5.000000	-0.721232
A3SVT76NJCPMMA:B000PGZPEU	4.493738	5.000000	-0.506262
AME1HO6D1E6JQ:B000OVNMGE	4.271813	5.000000	-0.728187
A21WCNF8S0LTPQ:B000HHM20M	4.463277	5.000000	-0.536723
A2HPO8RUAHOII8:B000PIJZJY	4.807718	5.000000	-0.192282
A330J985L1LA33:B000HXMKXK	3.525390	1.000000	2.525390
A1RR5U0O0ZJDPM:B0007RIYYA	3.444836	2.000000	1.444836
A3RMTATE3XGFFR:B0006GBSXG	4.590948	4.000000	0.590948
A3DWLKEMGE2YVG:B000FBK446	4.060460	5.000000	-0.939540
A20A607Z2JJMXK:B000NPXCGQ	4.019035	4.000000	0.019035
A355WQCKCUGTP1:B000FBK446	4.002112	3.000000	1.002112
A1B6PA3Z32YLFC:B000MVZ2E6	4.681970	5.000000	-0.318030
A1PL7QILVQV3IF:B000B7OSSW	4.528517	5.000000	-0.471483
A9Y9DBXKR23YM:B000GQQ2XM	4.361689	5.000000	-0.638311
A3SGSEKZP0F2G3:B000FGVIGY	2.449654	4.000000	-1.550346
ACWVXZ8VKJ19V:B000AE65P0	4.435035	5.000000	-0.564965
A1H6ORCXB6TXPZ:B000N2Y632	4.102736	4.000000	0.102736
A377MZZXOUR898:B0001DT3YU	4.808367	5.000000	-0.191633
A2PIM1B6CM6US1:B000MWXPKI	3.971713	5.000000	-1.028287
A38UI47K7QKFAA:B0009WFWP2	4.830563	5.000000	-0.169437
A2JO9WC4EGKV9A:B000JQQTGY	5.087302	5.000000	0.087302
A6QX3WZ1S089A:B000CFD5SC	2.152731	2.000000	0.152731
A2T34X1FM76O2Z:B000B7OSSC	3.601739	3.000000	0.601739
A2KJ03TX0E8AOP:B000PGZPEU	4.773527	5.000000	-0.226473
A28Q1J407DJZG0:B000MVZ2E6	4.662368	5.000000	-0.337632
A3PFNUJ8ZWHA5F:B000MVZ2E6	4.234703	4.000000	0.234703
A1H01LRLT9R11I:B000I6IK80	4.521757	5.000000	-0.478243
A1R38TTQCH98NJ:B000NNM2RI	4.403682	4.000000	0.403682
A1PVQTIU3JXBZ1:B000MVZ2E6	4.648561	3.000000	1.648561
A2Y8SAZJN665Z6:B000HHM20M	4.703119	5.000000	-0.296881
A2NUKBOR03MHXD:B0009Q1UIG	4.740354	5.000000	-0.259646
AT831WL2FEMNI:B0008327OQ	3.604755	3.000000	0.604755
A2102OUFPFAOP9:B000HV2U6O	4.225356	5.000000	-0.774644
A1C2Y0398IWRL:B000FBK43W	2.840754	1.000000	1.840754
A1JKBBR6SUR9KQ:B000MVZ2E6	4.333987	4.000000	0.333987
ACPJIJ9VBU6PT:B000N2Y632	4.883594	5.000000	-0.116406
A11Z7GXE2RS9U8:B000MVZ2E6	4.470623	5.000000	-0.529377
A2NTS4PINLP9YA:B0006TUAI2	4.514070	5.000000	-0.485930
A3GJH62NUIBDKH:B000MVZ2E6	4.433975	5.000000	-0.566025
A3VSHHA7HQMA5Q:B000F8V2BI	3.646054	3.000000	0.646054
A5JT5C8CSVW0F:B000140KIW	4.190944	5.000000	-0.809056
A1G00A2R8E1VR2:B000B7OSRS	4.736127	5.000000	-0.263873
AZ0A9CD2NQMAN:B000JQQTN2	4.565978	5.000000	-0.434022
A3RINXY9DX0S56:B000GRB6PA	4.276104	5.000000	-0.723896
A3QLVX6A3LTU8A:B0006BB7ZK	4.168261	5.000000	-0.831739
A1ZL7AL8L4OJJT:B0007XPZ5U	4.182714	4.000000	0.182714
A3EMC8APXFQ8Z4:B00004OCKL	3.203693	3.000000	0.203693
A3492KARPT4XJ5:B000MWXPKI	3.842467	2.000000	1.842467
A39L7E1KK4BL0S:B000PCWVKA	4.091543	4.000000	0.091543
A28ABQGWZZBXCH:B000MVZ2E6	4.481944	3.000000	1.481944
A39CZHAH1K4KHM:B000HXMKXK	3.892033	5.000000	-1.107967
A2FFINC93Z2XUO:B000HHM20M	4.952546	5.000000	-0.047454
AXFJYRHNK7UYO:B0009WFWP2	4.880775	5.000000	-0.119225
A1VJBRMK3MDE95:B000CFD5SC	2.879519	4.000000	-1.120481
A1XGYP1C6SQZ0E:B000MVZ2E6	4.576477	5.000000	-0.423523
A8QLFAU9QSL9K:B000638HS8	5.122044	5.000000	0.122044
AZJXIP8LMQQY8:B000E7P7BQ	4.077617	5.000000	-0.922383
A1JPX9DN306VC7:B0007XPZ5U	4.451843	5.000000	-0.548157
ADG5OH71NP8JX:B000OVNME6	4.666861	5.000000	-0.333139
AFM553PG2N5II:B0009WFWP2	4.784284	5.000000	-0.215716
A1FOO3A2OQTZ3G:B000CKVTM6	4.484393	5.000000	-0.515607
AUVRVACA9CHEV:B000OVK25S	4.604492	5.000000	-0.395508
A159ZRR5BEHUCX:B000MVZ2E6	4.901824	5.000000	-0.098176
A13RTF0WBCPQUV:B000FGVIGY	2.168447	1.000000	1.168447
A18TPI735Q5494:B000HXMKXK	2.847950	1.000000	1.847950
A1Z0CYBBFAY97:B000N2Y632	4.274171	5.000000	-0.725829
A2JXI1YV45HY2O:B00000IUF7	4.118775	5.000000	-0.881225
A2HJ6P014MG8A5:B000B7OSRS	4.878477	5.000000	-0.121523
A2ZNEGRFV13S98:B000MVZ2E6	4.516749	5.000000	-0.483251
A3FOIXZ31KE40X:B000G0GMQK	4.414250	5.000000	-0.585750
AHF2GBXG9MXKT:B0006IK1LO	3.700119	4.000000	-0.299881
A2G95RVYK9EBBV:B000271KQ4	4.687180	5.000000	-0.312820
A28HP32C3CJEBH:B000FIIG7Q	3.361258	2.000000	1.361258
AMOSGGVQ5S5BL:B0007XKGM2	4.576231	5.000000	-0.423769
A3U51NR0SWVE8T:B000B7OSTG	4.380180	5.000000	-0.619820
A1QVRS7J0F7O9Y:B0006GBSXG	3.800600	1.000000	2.800600
A1UYT90SYQE0PQ:B000F8VE52	4.046449	3.000000	1.046449
A3UPGIV1ZNYSPZ:B000KNJCTW	4.021545	5.000000	-0.978455
A28NWYDLASW6OK:B000NW91UA	4.589185	5.000000	-0.410815
A9U7T6Q5LTTTD:B000F8V2GI	2.866249	1.000000	1.866249
AGVQIBEBQI74M:B000FGVIGY	1.817040	1.000000	0.817040
ASAD7ZNPSR0BY:B000NNM2RI	4.562265	5.000000	-0.437735
A1IRIZ18HP081F:B000OVNMGE	4.096938	4.000000	0.096938
A21AGJ5AYA1W4I:B000MWXPKI	4.171449	4.000000	0.171449
A1MD81SLWEDJI2:B000MWXPKI	3.550043	1.000000	2.550043
AZP08B3O5SIYJ:B00004OCKL	3.036373	4.000000	-0.963627
A2EDWI5EGP4V9N:B000B7OSV4	3.492258	3.000000	0.492258
A2UNEEEJNHGS2D:B000FGVIGY	2.496853	4.000000	-1.503147
A1G7SRSI8R37V:B0000X1H90	4.582322	5.000000	-0.417678
A1C8F8ZGRIYD8E:B00000IUF7	4.289886	5.000000	-0.710114
A1M5M5RDFM64OR:B000B7OSRS	4.988345	5.000000	-0.011655
A1SA9N3JW11NUO:B000MVZ2E6	4.467046	5.000000	-0.532954
A2IUWEFFN1PJY7:B000FBK43W	3.439941	2.000000	1.439941
AV2EX09Y53DF:B000CKVTM6	3.276179	1.000000	2.276179
A2KEFAMW2S6S3B:B00068TSGS	2.752825	5.000000	-2.247175
ACA8CVTJGL10M:B00004OCKL	2.547009	1.000000	1.547009
AIJLUQTTVMQ9S:B0001DT3ZE	4.565571	4.000000	0.565571
A2FUYVL28IY8WF:B000JQQTGY	4.979571	5.000000	-0.020429
A3NTFTSXUDLLUU:B000HHM20M	4.468565	5.000000	-0.531435
A1ZMRL1TUYSGYF:B000N2Y632	4.090907	5.000000	-0.909093
AJE0KCDWHHQUL:B000F8V2GI	3.382278	1.000000	2.382278
AUTBHG6070SL4:B0007W5RAY	4.152393	5.000000	-0.847607
A3FDO45QGIOE0T:B000MWXPKI	4.158647	5.000000	-0.841353
A2BSKQ0W5KF7YT:B000ADYTSQ	4.194418	4.000000	0.194418
AG0FRF02YYUCS:B000MVZ2E6	4.659596	5.000000	-0.340404
A20JL3TX4XGSBV:B0000BYD4Y	4.899625	5.000000	-0.100375
ASGM213SNHTMI:B000N2Y632	4.268122	4.000000	0.268122
A3I99IFV3OIBYF:B000MVZ2E6	4.543686	5.000000	-0.456314
A5NECYWGE68F8:B0006N6T5Q	4.491300	5.000000	-0.508700
A13NAZGDYT9X1J:B0009WFWP2	4.647718	5.000000	-0.352282
AS9CMDWTMTQ04:B0001DT3ZE	4.310733	5.000000	-0.689267
A1R5FTSWIX59IW:B000IVRYTQ	4.724805	5.000000	-0.275195
A1W8NRXJ98RVLH:B000MVZ2E6	4.308910	3.000000	1.308910
A2XJRU950S5J87:B000MVZ2E6	4.907001	5.000000	-0.092999
A3SM0GA9YDJEI4:B00068TSGS	2.152401	1.000000	1.152401
A1H1TW09FC52J8:B000HXMKXK	3.756384	4.000000	-0.243616
A1KFSBWLEL6BIJ:B0001DT3ZY	3.573027	3.000000	0.573027
ALQGOMOY1F5X9:B000NNM2RI	4.438362	5.000000	-0.561638
A3S6N7PEWZRLSI:B0000BYD4Y	4.534369	5.000000	-0.465631
A1BO7T280D3556:B000FDXPKY	4.591539	5.000000	-0.408461
A2CLHD22FB1GC1:B0001DTZV6	3.948719	5.000000	-1.051281
A33BMZWGIZCRSA:B000HHM20M	3.776134	1.000000	2.776134
A28SZH4IELKDB:B000HHM20M	4.343705	5.000000	-0.656295
A3KWLE7H7QYUOJ:B000PGZPEU	3.760388	3.000000	0.760388
A2F3KFFY082A4G:B000FGVIGY	3.092706	3.000000	0.092706
A2D3AZEI4BZOJY:B000OVK2LW	4.269858	4.000000	0.269858
A18YM9F7VENJQ0:B000H5FXL4	2.842575	2.000000	0.842575
A10QUVPG2DLJZM:B000NPXCGQ	3.954158	3.000000	0.954158
A1E1VV6ZGAQVZ9:B000F8VE2K	4.396913	5.000000	-0.603087
A8YRP81HFN7LZ:B00067IDY2	4.207247	5.000000	-0.792753
A1YDFE89HAESWK:B000MVZ2E6	4.169906	3.000000	1.169906
A2PXVMF9DH8NDZ:B000G6HRZE	3.558613	3.000000	0.558613
A30XZK10EZN9V4:B000HDQBEY	4.403551	5.000000	-0.596449
A3L1SQRGWDTSFS:B0006GBSXG	4.802980	5.000000	-0.197020
A1IHRZ64C7EC1T:B00070QQZQ	4.631316	5.000000	-0.368684
A2Z5W4JDUT2EBY:B000JQQTGY	4.626069	5.000000	-0.373931
A38ZB169IU9XHM:B000GQQ2XM	3.744146	3.000000	0.744146
A12K7GO9SQM3H5:B000N2Y632	4.400880	5.000000	-0.599120
A3TUH0FQORHYG:B000MWXPKI	4.104480	5.000000	-0.895520
A1AUO1SUOOPENC:B000MVZ2E6	4.579524	5.000000	-0.420476
A1T67CVIMTZQUM:B000MVZ2E6	4.525619	5.000000	-0.474381
A2R592OFL3T7LD:B000MVZ2E6	4.982909	5.000000	-0.017091
A135J4DSJ0J727:B0001DT3YU	5.071342	5.000000	0.071342
A135J4DSJ0J727:B0001DT3ZE	4.536735	5.000000	-0.463265
AIVMYF0E5Y5VS:B000HHM20M	4.235066	4.000000	0.235066
A2CHH5U12THP2D:B000B7OSRS	5.411981	5.000000	0.411981
A3PTR04899QMZ4:B000B7OSTG	3.523066	3.000000	0.523066
A3LUIEO15Z7BGA:B0006GBSXG	4.331885	5.000000	-0.668115
AVKF5UOGIH94V:B0000BYD56	3.950863	4.000000	-0.049137
AYNPE5SCYBCIK:B0006TUAGE	4.241462	5.000000	-0.758538
A3R3IYZGMDOF4G:B0006GBSXG	4.154498	2.000000	2.154498
AMYVLOOGSMHBY:B0002TTKLY	4.965167	5.000000	-0.034833
A2LK2DENORQI8S:B000ADYTAE	3.252722	3.000000	0.252722
A1OQU3K4D6DBWC:B00068TSGS	1.926355	1.000000	0.926355
A2ESFZAYXYMUSY:B0006GBSXG	4.903364	5.000000	-0.096636
A1A3BGIXRTXACZ:B000JQQTGY	5.064723	5.000000	0.064723
A2TROR085GENC4:B000HHM20M	5.003148	5.000000	0.003148
A156GM4M7IWT8C:B000N2Y632	4.498163	5.000000	-0.501837
A25TSCNQVLSIJ9:B0007XKGM2	4.408385	5.000000	-0.591615
A3722RSXPG1Y0C:B000MWXPKI	3.834326	2.000000	1.834326
A16FDY0JXDG6E4:B000MVZ2E6	4.636088	5.000000	-0.363912
A2K0LDL4KIGM5X:B000FE94DA	4.066720	5.000000	-0.933280
A62JQIBVEUF60:B000MVZ2E6	4.514547	5.000000	-0.485453
AO3F8LHWPF1ZO:B0001DT3ZE	3.291597	1.000000	2.291597
A1E1QSSFRLEJQD:B000FBK446	4.612391	5.000000	-0.387609
A3B9EOUXZ494CL:B0006GBSXG	4.413349	5.000000	-0.586651
A2DIP0GDKE9HOB:B000CKVTM6	3.868622	4.000000	-0.131378
AE29PQLRHX999:B00004OCKL	3.866122	5.000000	-1.133878
A3GKPMHV4U64IY:B00004OCKL	2.921378	1.000000	1.921378
A1KOSV8K69N48O:B000B7OSSM	3.696342	5.000000	-1.303658
A3T9E8RK12J5ZF:B00070QQZQ	4.681916	5.000000	-0.318084
A6HHN1BJB7PDO:B000HHM20M	4.061380	5.000000	-0.938620
A3B5KZYP24FCZI:B000MVZ2E6	5.185421	5.000000	0.185421
A39HIRQGW18NOY:B000NHXJ4E	4.449865	5.000000	-0.550135
AZSXUEGQYAIOO:B000E7P7AW	4.054064	4.000000	0.054064
A2HVHS4ZY7AANA:B000JQQTGY	4.414761	5.000000	-0.585239
AGOH8N902URMW:B000FGVIGY	2.244608	1.000000	1.244608
A3K9EGF16N2DA:B0006GBSXG	4.554009	4.000000	0.554009
A3G9FX4KG31Y9V:B00068TSGS	2.141670	3.000000	-0.858330
AH2MCGE6GFAEI:B000GBRP4M	3.189925	2.000000	1.189925
A2Q8NIITL1LKW0:B0001DTZL6	4.123105	4.000000	0.123105
A1IE0ONVTKRD4Y:B000PGZPEU	4.754745	5.000000	-0.245255
A79QZ7YQFIXG6:B000MVZ2E6	4.474801	5.000000	-0.525199
AHC41YNBXQ2IY:B000MVZ2E6	3.832275	1.000000	2.832275
A1HX6LICE7BPNF:B000PGZPEU	4.201466	4.000000	0.201466
ABQWMANK4AR63:B000KI87Y8	4.679233	5.000000	-0.320767
AJV35IAVJWZIB:B000CFD5SC	2.207673	1.000000	1.207673
A2L9GU438TKKSS:B0009VXFFC	4.187842	5.000000	-0.812158
AH7KLS6579BPQ:B000NP0K8E	3.001023	2.000000	1.001023
A1MKM39J6HPUW7:B0001DT3ZY	3.710082	4.000000	-0.289918
A20OSLAWEIJO1Y:B000NRW7KG	4.686188	5.000000	-0.313812
A1P09JMWDQUBN1:B0007XKGOA	3.801952	5.000000	-1.198048
A2T6UXZD44CUH3:B0009WFWCK	4.492974	5.000000	-0.507026
A278I8LMEB0DZS:B0006IK1UU	3.701467	3.000000	0.701467
AQJY6ULH2Q8N6:B000FZZ0CI	3.770383	2.000000	1.770383
A3H6RSBRWSGRRE:B0001DT3ZE	4.538026	5.000000	-0.461974
A1EPN98BZI78NB:B000OVK21C	4.483768	5.000000	-0.516232
A2PIKZEEX4JVTC:B0001DT3YU	4.494242	5.000000	-0.505758
A2E9W5PDNZMS8E:B000HHM20M	3.940640	5.000000	-1.059360
A1XPDVGEROYOPT:B000MVZ2E6	4.819486	5.000000	-0.180514
AAVSXEUI9ILTK:B000OVNMQO	3.837457	4.000000	-0.162543
A1PFT6D7WCSUCQ:B000HHM20M	3.617565	1.000000	2.617565
A3KQKJIQ2G28ZD:B000GBRPH4	4.404417	5.000000	-0.595583
AUFX23HI5KC9O:B000FBK446	3.775588	3.000000	0.775588
A35P2GBTR5IP2E:B000MVZ2E6	3.878723	2.000000	1.878723
A3BDHHNW0ZZ5HD:B00004OCKL	2.474472	2.000000	0.474472
A1HTWPLLPVG8AB:B000OVPE42	3.131680	1.000000	2.131680
A1GZKEDDZI7ZGP:B000MVZ2E6	4.352236	5.000000	-0.647764
AORDD0VQEOP3V:B0009WFWP2	4.409411	3.000000	1.409411
A3391BKVFPWNXH:B0007XKGOA	4.306706	5.000000	-0.693294
A2N44JXLCGCKVR:B000PGZPEU	3.965996	4.000000	-0.034004
A1H7W5KZMF70BM:B0001DT3YU	4.352006	5.000000	-0.647994
A3AEM74PW2RA3B:B00067IDY2	4.133416	5.000000	-0.866584
A8HOW8N88M3KH:B000PGZPEU	4.592816	5.000000	-0.407184
A1X6WR6NZMUNQ8:B000AXRV3Q	4.330205	5.000000	-0.669795
A2HWDRV7FN6UUU:B0000BYD4Y	3.952919	5.000000	-1.047081
A3J1NV9I9PHCRU:B0000X1H90	4.577612	4.000000	0.577612
A6PB8KELJUMOP:B0007XKGM2	4.125144	4.000000	0.125144
A3Q7NKLV6ERUUC:B000MVZ2E6	4.416999	5.000000	-0.583001
A3LKLXDSW1IZSV:B000OVK2YY	4.065551	3.000000	1.065551
AAIKWYMGPJF15:B00068TSGS	2.655692	3.000000	-0.344308
A3F0DGUY0LD2XD:B000B7OSSW	4.407100	3.000000	1.407100
A3K6KW2INIQ3FE:B000N2Y632	4.198262	2.000000	2.198262
A1XAD51HUZ8UM2:B000ADYTAE	4.200501	5.000000	-0.799499
AX0OOYYK672DJ:B0006GBSXG	4.741941	5.000000	-0.258059
AUD8R1OLLMAGR:B000MVZ2E6	4.636832	3.000000	1.636832
A23PKGYSK31N6P:B000PGZPEU	4.692421	5.000000	-0.307579
A2TZFQSH3RMOWB:B000HHM20M	4.296262	4.000000	0.296262
AZ0BHXOIJGJZN:B000MWXPKI	4.079107	5.000000	-0.920893
A1T0UWTTDE0S1K:B000MVZ2E6	4.632620	5.000000	-0.367380
A314IC33B753AP:B000MWXPKI	4.347405	5.000000	-0.652595
AY520E7C7IO0W:B0001DT3ZE	4.082384	5.000000	-0.917616
A2S3OJM18M4KRR:B000OVK2AS	3.879366	4.000000	-0.120634
A1O03DZEQFXH56:B000HHM20M	4.675591	5.000000	-0.324409
A22P0TBV166O99:B000F8V2GI	3.389341	5.000000	-1.610659
A1VGRH0EABB5VK:B000CKVTM6	4.251808	5.000000	-0.748192
A1DDNBK4OF2D46:B000FWAWHO	4.250938	5.000000	-0.749062
A29TKHN6WM0NMG:B000HHM20M	4.662102	5.000000	-0.337898
A26JV314HSRULX:B0001DT3QS	4.336429	5.000000	-0.663571
A3GKGNO477HSX1:B000N2Y632	4.295048	5.000000	-0.704952
AUTQWFDPC7DKA:B000CKVTM6	4.430731	5.000000	-0.569269
AC2O1T66NYULY:B0001DUCDQ	4.438920	5.000000	-0.561080
AC2O1T66NYULY:B0001DUCC2	4.093629	5.000000	-0.906371
AIAOFEPWPX1J8:B0001DT3ZY	4.179278	5.000000	-0.820722
A1A3BJEV4XM5W1:B000B7OSSW	4.696590	5.000000	-0.303410
ACNR8AQ2ST0RQ:B000MVZ2E6	4.647910	5.000000	-0.352090
A28KIICJBPED6D:B000OVNMQO	4.631635	5.000000	-0.368365
A1VYH7G79GHW0O:B0001DT3ZE	4.291491	5.000000	-0.708509
A2M8KFYB5D4TXW:B000N2Y632	4.890971	5.000000	-0.109029
A13HLSG2TNNXM5:B000OVNMQY	3.709717	3.000000	0.709717
AVUIT9PXBMVZ2:B0006HBT8O	4.223879	4.000000	0.223879
A1RYEBTYQSWLOD:B000G0GMQK	4.141461	5.000000	-0.858539
A38L48SKPCPKYW:B000MVZ2E6	4.529182	5.000000	-0.470818
A216ZFIG473ISF:B000L1Z4HM	3.623022	5.000000	-1.376978
A2Q204DY2L7YRP:B0001DT3ZY	4.571270	5.000000	-0.428730
A9RS5X14ITFYM:B0006GBSXG	4.574003	4.000000	0.574003
A13VHHITZJ4K2O:B0000BYD4Y	4.503831	5.000000	-0.496169
A2Z3F76WZH05KB:B000JQQTGY	4.740089	5.000000	-0.259911
A272KUHV4K4JGB:B000KI87Y8	4.548929	5.000000	-0.451071
A3R15XZGAJ5CGY:B000KOVN6G	3.988157	3.000000	0.988157
ABQCA9MPJSP9Q:B0006GBSXG	4.596148	5.000000	-0.403852
A39ZG5E7QB8UQR:B000JQQTGY	4.878923	4.000000	0.878923
A5VJZLEAME1DU:B0001DT3ZY	4.172925	4.000000	0.172925
A3GEQL0UPO2YEB:B000OVPE42	4.027665	5.000000	-0.972335
A1DFCP2AH0D2ZJ:B000MWXPKI	4.315650	5.000000	-0.684350
A3KK8AG2KEMTDN:B000MVZ2E6	4.490589	5.000000	-0.509411
A3CTZVF4NPC419:B000JQQTGY	4.397626	4.000000	0.397626
A1KR3QNPTRMC27:B000OVNME6	4.160810	5.000000	-0.839190
A34ZW4MH8C1EDC:B00004OCKL	3.153783	4.000000	-0.846217
AWHAZI3CCBXQP:B0001DUBWI	4.496850	5.000000	-0.503150
A2ERLV6QV23QRU:B000NNM2RI	4.405027	4.000000	0.405027
AZDGOR1M4JKLK:B0001DT3YU	4.729163	5.000000	-0.270837
AIKMH5SO2NQW0:B000FGVIGY	2.663227	2.000000	0.663227
A242O79GR4NJ7G:B000F8V2GI	4.091945	5.000000	-0.908055
A10FNLX6S82G08:B000FBK446	4.447125	5.000000	-0.552875
A2GDFG7M488SO5:B0000BYD56	4.090744	5.000000	-0.909256
A2PIW5EEUMZ6P3:B000OVK2HQ	2.666973	1.000000	1.666973
A2S42FIPJPLJU0:B0006TUAGE	2.977223	1.000000	1.977223
A193VHJJLFZODH:B000PGZPEU	4.219244	5.000000	-0.780756
A28A5A28YFQ41L:B000N2Y632	4.476244	4.000000	0.476244
A2OAZGMBKCMQRH:B000GBRP4M	4.207710	5.000000	-0.792290
A1NWEPX0W24HEW:B000B7OSTG	3.869805	3.000000	0.869805
A3JGM3MDVMLHIT:B0006GBSXG	4.707753	5.000000	-0.292247
A157YI27HWVVAQ:B000I20JOW	4.040603	4.000000	0.040603
AS6KLH2PA4EY1:B000271KQ4	4.216379	5.000000	-0.783621
A3HDNF6T2X53TH:B000CFD5SC	2.566076	2.000000	0.566076
AI5Z00U20A04K:B0009VXFFC	4.241737	5.000000	-0.758263
A3JW24ZWXI7WQV:B0001DT3ZE	4.419161	5.000000	-0.580839
ALZIJW3XUFYI6:B000KI87Y8	4.638592	5.000000	-0.361408
A2G5KDO85REW3V:B000C2G0C8	3.805597	4.000000	-0.194403
AP4ND6JQ11DE2:B0001DT3ZE	4.261004	4.000000	0.261004
A215V23BKNORBI:B000MVZ2E6	4.529769	5.000000	-0.470231
ATIKLKTHAPEM5:B000MVZ2E6	4.409955	4.000000	0.409955
A386YUMSACSEUX:B000MWXPKI	4.421497	5.000000	-0.578503
A3IENR642MWXB3:B000MWXPKI	4.008089	5.000000	-0.991911
AITYM4706P93:B000OVNM8M	4.031608	4.000000	0.031608
A334SNV8RNWDGN:B000PGZPEU	4.770911	5.000000	-0.229089
AIJJMPPZF6EXW:B000KNJCZQ	3.412158	3.000000	0.412158
A18MZZB6LL7PU1:B0009WFWP2	4.910198	5.000000	-0.089802
A17ZFFGA936BQK:B000MWXPKI	3.605599	1.000000	2.605599
A34S7L0JTIY55V:B000FBK43W	2.793028	1.000000	1.793028
A3IE3UPR1XIO0O:B000B7OSTG	4.188658	5.000000	-0.811342
A3SJ8BKQO8IYVI:B000JQQTGY	4.697751	4.000000	0.697751
AFCRMIWGL0WTV:B000MWXPKI	4.241465	5.000000	-0.758535
A2ESINVNOSALI0:B000MWXPKI	3.912445	5.000000	-1.087555
A1U7CY743X6US:B000MVZ2E6	4.115124	4.000000	0.115124
AJZUMS12TYXCH:B000PGZPEU	4.427687	5.000000	-0.572313
A2KPBQ4UQRCGK5:B000PGZPEU	3.720779	1.000000	2.720779
A37DYUUXVNTAS2:B000MVZ2E6	4.278404	5.000000	-0.721596
ANN3I5XMXQL7E:B000KI87Y8	4.221194	3.000000	1.221194
AXLDVE3QW5DHS:B0001DT3ZE	4.466347	5.000000	-0.533653
A33YM2TJ4OXNKQ:B000HHM20M	4.444686	5.000000	-0.555314
A3JAC1ENOEJIAU:B000FZZ0CI	4.467866	5.000000	-0.532134
A2RTR73K28AEVD:B000OV8ETO	3.673522	4.000000	-0.326478
A2H5EAXC3BB02C:B000JQQTGY	4.867999	5.000000	-0.132001
A2J8T58Z4X15IO:B000FBK43W	3.282043	5.000000	-1.717957
AJAAS4L7AHBXL:B0001DT3YU	4.513881	4.000000	0.513881
A3FPG4LAJ1HOHZ:B000140KIW	4.285370	5.000000	-0.714630
A1GKKSDRGNC4BN:B000E3E6GM	3.506815	4.000000	-0.493185
ANTRXKMXTKGMT:B000FBK43W	3.043100	4.000000	-0.956900
AY58EKJX7RGY2:B000FBK43W	3.137534	5.000000	-1.862466
A3OL5PN6RHHTDK:B000PGZPEU	4.145216	4.000000	0.145216
A1C7SCQ6X5OSIW:B000FBK43W	3.173565	4.000000	-0.826435
AHSP2ZR263G8F:B000OVK23U	3.953403	4.000000	-0.046597
AQHZV5R6Q82UI:B000CKVTM6	3.969545	4.000000	-0.030455
A1LOACNK0QV9T4:B000NP0K8E	4.204283	3.000000	1.204283
A14OFJZ8MXDTD3:B000PGZPEU	3.009826	1.000000	2.009826
A37PYHYHRKYXQ0:B000MVZ2E6	4.700877	5.000000	-0.299123
A16G5RIKCBX3SB:B00004OCKL	3.585301	4.000000	-0.414699
A3L272T5GCKKOS:B000PGZPEU	3.964450	5.000000	-1.035550
AA63XDCJRSN0J:B0006HFD2W	4.120171	4.000000	0.120171
A1HR46M9IF4FVP:B000AE65OG	3.649082	3.000000	0.649082
A2L2POS9X5PSNH:B000CFD5SC	2.369876	1.000000	1.369876
AO63ZW5TIO3F7:B000B7OSRS	4.783660	5.000000	-0.216340
A1MP4RCNNE3WYU:B000093IN2	3.932578	4.000000	-0.067422
A2EEEF9YSJQRO5:B0006GBSXG	4.380726	4.000000	0.380726
AV1AVHXDWTSYI:B000HHM20M	4.284731	5.000000	-0.715269
A1DQHS7MOVYYYA:B000PGZPEU	4.026774	4.000000	0.026774
AOLN7ZXFT6EDI:B000PGZPEU	4.134203	5.000000	-0.865797
ARWAXI1I32IQI:B000MWXPKI	4.277313	5.000000	-0.722687
AOABCU871S5E0:B000MVZ2E6	4.790502	5.000000	-0.209498
A7QTU8892I94X:B0006GBSXG	4.750250	5.000000	-0.249750
A35R762LRHUG53:B000GQQ2XM	3.711370	3.000000	0.711370
AZP7XT669IPMF:B00004OCKL	2.992202	5.000000	-2.007798
AFJGSL3GK4M0H:B000PS3SHE	3.380838	2.000000	1.380838
A37IR5SI4BVSVA:B000PHEZPE	3.623671	2.000000	1.623671
A36MQJXG0BMR80:B000NNM2RI	4.272906	5.000000	-0.727094
A1H4Z59EZ746Q6:B000MVZ2E6	4.326589	5.000000	-0.673411
AKW5LEYKV4G8Q:B000GRB6PA	3.282239	1.000000	2.282239
AR2MH0SQKOJL4:B000HHM20M	4.783017	5.000000	-0.216983
ASHQ1R4U86773:B000MVZ2E6	4.972333	5.000000	-0.027667
A12SWF8EW0HVOB:B000I6IK80	3.951669	5.000000	-1.048331
A3MLKSPDPFIQ9M:B0006H1LO6	3.967437	4.000000	-0.032563
AZGIPC5UZ2LC2:B000BR7DY8	4.492625	5.000000	-0.507375
A15TR473JD4OSC:B0000BYD4Y	3.995426	3.000000	0.995426
AP1X4VT8Y05WR:B0009WFWP2	4.631976	5.000000	-0.368024
A28LQY58JEQ0EF:B000MWXPKI	3.223619	1.000000	2.223619
A24W1A0CW6CW5R:B0009VXFFC	3.726555	5.000000	-1.273445
A87OAC23M1AVX:B0001DT3YU	4.931441	5.000000	-0.068559
A87OAC23M1AVX:B0001DT3ZE	4.872857	5.000000	-0.127143
A2SG1O6GN870T0:B000MWXPKI	4.260812	5.000000	-0.739188
ALXYN4R3Z592V:B0008GM6RG	4.253552	4.000000	0.253552
A1CD1W6PNUD7ZG:B000MWXPKI	4.245770	4.000000	0.245770
A2W0GJ0PUILUYE:B000MVZ2E6	4.529429	4.000000	0.529429
AZ7N0TLPDP156:B0006GBSXG	4.740264	4.000000	0.740264
A2PE53C3EMZSIN:B0009WFWP2	4.522430	5.000000	-0.477570
A3OFEODBIJ92YQ:B000OVK2ZI	3.572250	2.000000	1.572250
AZJPNK73JF3XP:B000B7OSTG	4.061191	5.000000	-0.938809
A30A3SG7YUDX1U:B000B7OSSW	4.093390	5.000000	-0.906610
A1TSBAASUO1E5B:B000OVK2W6	4.266273	5.000000	-0.733727
A2XKGW8NL49JP9:B000B7OSS2	4.404775	5.000000	-0.595225
ASJ00M31I5WG8:B0000BYD4Y	4.482514	5.000000	-0.517486
A157O8BX9BSC44:B000IG2OUU	4.229712	4.000000	0.229712
A31HATGZ6UZGBX:B000MVZ2E6	4.493379	5.000000	-0.506621
AUAFODM40V82X:B0000BYD4Y	4.437769	5.000000	-0.562231
AJZLUZINOTKTO:B00000IUF7	3.397806	1.000000	2.397806
A11OV9IPL11ZXD:B000F8VE52	4.200147	5.000000	-0.799853
A22N12RP4UY9CS:B00004OCKL	3.012389	3.000000	0.012389
A1XBF0HOKQXD1Q:B0000BYD56	3.797664	5.000000	-1.202336
A3D5X4XBAFQZUO:B0008GM6RG	4.348032	4.000000	0.348032
A3H9M3VH1LQBDH:B000OVNMVY	3.734057	5.000000	-1.265943
A2LG9R8ZN0JKWH:B000GBRPJM	4.179227	5.000000	-0.820773
AI50XFN1C6UVX:B0000BYD4Y	4.681111	5.000000	-0.318889
A2W65NJY9794TD:B000FBK43W	2.801050	1.000000	1.801050
AF91IHHN84EC1:B000GQQ2XM	4.229657	5.000000	-0.770343
A328CAQOU9K9MB:B0007XKGOA	3.518872	1.000000	2.518872
A31TXU1YFK9XP9:B000BMRVPE	3.031469	1.000000	2.031469
APTUBM2PYBW7T:B000B7OSTG	4.043241	3.000000	1.043241
A2DI8CN0X9R7EC:B000KGCUX4	3.458906	2.000000	1.458906
AEOMZT4L3LHVW:B000MVZ2E6	4.756653	5.000000	-0.243347
A1UWR785N9OOQX:B000IG2OXC	3.752138	3.000000	0.752138
A32W24RHEDKHC7:B000B7OSSM	3.409894	1.000000	2.409894
A30D8CTESOIFNW:B000OVNMQO	4.405218	5.000000	-0.594782
A3U4VDGTR4OSIM:B000MVZ2E6	4.373342	4.000000	0.373342
A3O8NMAUIVYSI0:B000B7OSSW	4.900831	5.000000	-0.099169
A3UOK2V4ZN69ZO:B000093IN2	4.191358	4.000000	0.191358
A1IFO6H3GG1ZGY:B000MVZ2E6	4.466445	5.000000	-0.533555
A2Y96MUF4VWAOW:B0001MTUEE	4.207166	5.000000	-0.792834
A2Q3W2ZPUG7JPM:B000E5DQSY	3.573704	3.000000	0.573704
A3M9GDR2D9J2OQ:B00070QQZQ	4.578238	5.000000	-0.421762
A2Y7C491Q8R9PG:B000NRW7KG	4.570066	5.000000	-0.429934
AWN6T3OJBY203:B000MVZ2E6	5.266284	5.000000	0.266284
A3FYBHASPRAI2V:B000MWXPKI	3.709654	5.000000	-1.290346
A1J57F6U2FYT07:B000MVZ2E6	4.948534	5.000000	-0.051466
A24BSUYTIVL64Q:B0001DT3ZE	3.749236	2.000000	1.749236
A1CSZIN1VNVNSU:B0001DT3ZY	3.568992	3.000000	0.568992
A2YA9ODE22FMB4:B0009RNUQK	3.672714	1.000000	2.672714
A325DURSIQ7N0S:B000MWXPKI	4.012929	4.000000	0.012929
A1TJ1YWLWM4Y8I:B000GBRPH4	4.424900	5.000000	-0.575100
A2I2KPNJDQ9SL0:B0000BYD56	4.349559	5.000000	-0.650441
A37JIQA7HGH05W:B0007XKGM2	4.677630	5.000000	-0.322370
A1TGMMDGIVGBFX:B0009VXFFC	3.601272	3.000000	0.601272
A2F3E3FHZ02Y5L:B000NNM2RI	5.022168	5.000000	0.022168
A208BG75JXYRL0:B0007XPZZ0	4.882327	5.000000	-0.117673
A13Z7PKC6T72D1:B0001DT3ZE	3.922286	2.000000	1.922286
A10BK3VOSJDZCO:B000FBK43W	2.805468	2.000000	0.805468
A2FMYZ99GSDI25:B0007XKGM2	4.536718	5.000000	-0.463282
A2Y8CDRPW1M26X:B000HXMKXK	3.565870	3.000000	0.565870
AKM41TIZKYX5W:B0009VXFFC	3.681690	3.000000	0.681690
A36NKTAEESGJAE:B000MVZ2E6	4.632003	5.000000	-0.367997
A13UMX6D2FYSMS:B000HHM20M	4.576592	5.000000	-0.423408
A2YL9DSCQN0VNL:B0007XPZ5U	4.012206	3.000000	1.012206
A2BILUPJR1QK94:B000NP0K8E	4.030319	5.000000	-0.969681
A2IX95AVDEEFOG:B000638HS8	4.367018	4.000000	0.367018
A2U0P57LLJY9A9:B0006GBSXG	4.049395	5.000000	-0.950605
A2RPSY7Z3XJZUX:B000ETWHTO	4.662462	5.000000	-0.337538
A13ZNGX2F7E70J:B000L1Z4HM	3.505653	2.000000	1.505653
A3F4SH6RAH8EO8:B000B7OSSW	4.173690	4.000000	0.173690
A1XS430FU7RYWT:B000HXMKXK	4.058353	4.000000	0.058353
A1HX3GPO8XBUFQ:B000N2Y632	4.035998	4.000000	0.035998
A2N1PA3KPHCDD9:B000PD4K12	4.428346	5.000000	-0.571654
AGIU6UJ42ET5F:B000FBK43W	3.408332	5.000000	-1.591668
A2XT35MSP61FOF:B000MWXPKI	4.128261	3.000000	1.128261
A3R59AUGYGT1C:B000PGZPEU	4.234427	3.000000	1.234427
A22AGUIJ8LLZBM:B000HHM20M	4.298357	5.000000	-0.701643
AM5LR5XWCEN10:B0000BYD56	3.776142	1.000000	2.776142
A14ENWEKTHCBXR:B000MVZ2E6	4.902359	5.000000	-0.097641
A4TOGX6YEZ0F8:B0001DT3ZY	3.382727	1.000000	2.382727
A2D1LPEUCTNT8X:B000B7OSTG	4.016723	4.000000	0.016723
AQMFCRYXZ1JB8:B000KI87Y8	3.953056	2.000000	1.953056
ABV32ZNPADKM8:B00004OCKL	2.697966	1.000000	1.697966
A2S2WOFKN7PTST:B000MVZ2E6	4.574840	5.000000	-0.425160
AZJFLPEG7D09G:B000KNJCZQ	3.486685	4.000000	-0.513315
A1KB3GP4TKIZQV:B000N2Y632	4.223208	4.000000	0.223208
A336XDW5CDP7Q:B000B7OSRS	5.163233	5.000000	0.163233
A18QS0M31MSXXX:B000MVZ2E6	5.047577	5.000000	0.047577
A1J43V6CO32PR3:B000HXMKXK	3.468373	1.000000	2.468373
A2NJZNHREU99QR:B000271KQ4	4.511028	5.000000	-0.488972
AUYS6TE3ED8Q7:B0006VPXXM	4.702509	5.000000	-0.297491
A38KJ90SX5ZXYW:B000OVNMZU	3.703458	5.000000	-1.296542
ALFLI8ANFCPZF:B000OVNMGE	4.394067	5.000000	-0.605933
ALFLI8ANFCPZF:B000OVK2VC	4.472082	5.000000	-0.527918
A28EU2F54HOH3N:B0006GBSXG	4.822431	5.000000	-0.177569
A147GGQ0MUW6K4:B0006GBSXG	4.583736	5.000000	-0.416264
A346TRAIV22TP6:B000CFD5SC	1.912537	1.000000	0.912537
A3UW8AZPXQD8XK:B000F8VE52	4.100133	5.000000	-0.899867
A2V440QFLFBIZF:B0009WFWP2	4.380573	5.000000	-0.619427
APN1EXMYGXIE7:B000I36ZNA	4.111114	4.000000	0.111114
A2D5FAMBB8IWOM:B0006TUAI2	4.001494	4.000000	0.001494
A28TW63ZUB9ZK5:B0001DT3YU	4.306103	5.000000	-0.693897
A35HEYLK3I3YHD:B0009WFWP2	4.526650	4.000000	0.526650
A6WCGQFVX57:B000HXMKXK	3.882427	5.000000	-1.117573
A3KVKRYBGY90TP:B0000AS482	4.573850	5.000000	-0.426150
AYD2LJ1SDGW35:B000KI87Y8	5.114054	5.000000	0.114054
A2493BP1AJ4N2P:B000MVZ2E6	4.209756	2.000000	2.209756
A2S60ZA13MH2CT:B000N2Y632	4.124262	5.000000	-0.875738
A1X7UTDWG34PB6:B000F8V2GI	3.855427	4.000000	-0.144573
A4SB1M7G0AE9S:B000OVPEUG	4.226765	5.000000	-0.773235
A221CFH3193TGO:B000MVZ2E6	4.653569	5.000000	-0.346431
A280HHBR92XUI0:B000JQQTGY	4.743432	5.000000	-0.256568
A2LA9SNONPFVLA:B000GJ58PW	3.934085	2.000000	1.934085
A3U8MFJIRIL7LD:B000HHM20M	4.849052	5.000000	-0.150948
AWUQ43W80B8ED:B000HHM20M	3.804804	1.000000	2.804804
AUWQR97RLH2UC:B000GBRPJM	4.332141	3.000000	1.332141
A1ROQG4FAY3QVY:B000PGZPEU	3.937687	3.000000	0.937687
A2CUQPTFAHDYUN:B000MWXPKI	4.230660	4.000000	0.230660
A945D7HZSZ6Q1:B000F8V2BI	3.673257	3.000000	0.673257
A1T7MNE1AEFJDS:B000N2Y632	4.592290	5.000000	-0.407710
A14B8YV1Z5REP3:B000AIGWSG	4.826261	5.000000	-0.173739
AMYKQXIVQB4VD:B0002YSWFY	3.933146	3.000000	0.933146
A1YT7GGG2R2M95:B00000IUF7	4.071966	4.000000	0.071966
A3M4KUTYN2UY0K:B00004OCKL	3.995794	5.000000	-1.004206
A33LFNWV9X8XBR:B000GBRPH4	4.506366	5.000000	-0.493634
A2BLQRITQUQGGM:B00068TSGS	2.171004	1.000000	1.171004
A28F8B80ZGAIEM:B000HXMKXK	3.821486	5.000000	-1.178514
A1WVLDFRA3TQWP:B000MVZ2E6	4.408936	5.000000	-0.591064
ASJ12W5QYUIVQ:B000H83520	4.304763	5.000000	-0.695237
A1KWLSHD6O5V9J:B000B7OSSW	3.955949	2.000000	1.955949
AI1QPIUEC67YZ:B000CKVTM6	3.823819	5.000000	-1.176181
A13ISADAV3U35C:B000QE5ZUA	3.955677	3.000000	0.955677
A2B6I0N8RNAQXJ:B000G6HRZE	3.915013	5.000000	-1.084987
A3HP96D45ZQLJH:B000GBRPJM	4.627811	5.000000	-0.372189
AJPTLKQ9P0XTU:B000CKVTM6	4.336257	5.000000	-0.663743
A1NY17IHZNY734:B000OVNMA0	2.974917	1.000000	1.974917
A23AAZA9CPQW5L:B0009ELI4E	4.577090	5.000000	-0.422910
A1YC9GEP1Z1ARU:B000B7OSTG	3.303879	2.000000	1.303879
A3JYLYPEA2BQ95:B000IG2OUU	4.129517	4.000000	0.129517
AG81VX7MGWQ09:B000MVZ2E6	4.625479	5.000000	-0.374521
A1R9VHB0230SUO:B000271KQ4	4.039213	4.000000	0.039213
AH7VK8W9NKOBN:B000MVZ2E6	4.473724	5.000000	-0.526276
A33JIOGV3UUKIA:B000GBRP4M	3.179317	1.000000	2.179317
A1C6ALOIYBML0T:B000MVZ2E6	5.060428	5.000000	0.060428
A1P486SN7A69C7:B000MVZ2E6	4.748610	5.000000	-0.251390
A1MNTDLQOMEWKB:B00004OCKL	3.109684	2.000000	1.109684
AZ2BT7QW7XNT:B0009VXFFC	3.851634	4.000000	-0.148366
A1912PQLG8WJQX:B0001DT3ZY	3.926668	5.000000	-1.073332
A2L0DSU7Y2T0W7:B000B7OSRS	4.740949	5.000000	-0.259051
A3N9YLFW6F2PLH:B000NRW7KG	4.457148	5.000000	-0.542852
A2ZKNNEBHNOMFF:B00068TSGS	2.441290	1.000000	1.441290
A3CHVZ1QQ5C78K:B0009VXFFC	4.182566	4.000000	0.182566
A34CM3GTDDBUYM:B000638HS8	4.570246	5.000000	-0.429754
A2F7FWABXL8Z1Q:B0006TUAL4	4.249402	3.000000	1.249402
ACQ5W0IV1QU50:B000B7OSSW	4.410443	5.000000	-0.589557
AO9MNR5Q1UWM2:B000KI87Y8	4.409086	5.000000	-0.590914
A24FT3VHMQ0MKU:B0006BB7ZK	4.229000	4.000000	0.229000
A1KAWPE2S6Y6OM:B0007XKGJ0	3.635676	4.000000	-0.364324
A3QISOJ6KZIBCR:B000GJ58PW	3.936791	5.000000	-1.063209
A32JQJDD186QVI:B000CKVTM6	4.123245	3.000000	1.123245
A1EIWTSL6ML8P5:B0009WFWP2	4.800172	5.000000	-0.199828
A214ZOYNOICABW:B000MWXPKI	4.478460	5.000000	-0.521540
AS484HZ6UXMNF:B000N2Y632	3.643002	1.000000	2.643002
A2BWM8X1C9G883:B000HHM20M	4.892773	5.000000	-0.107227
A3V3RKI7UB2BP1:B000K9JIFO	3.886676	5.000000	-1.113324
ATT4Y0VTRCGJO:B000HXMKXK	3.120423	2.000000	1.120423
A3LU56T9713MDS:B000MWXPKI	3.780929	1.000000	2.780929
A3S6Q5SBMRYT3Z:B000JQQTGY	4.888667	5.000000	-0.111333
A37CIS0N08MZIB:B000FWAWGU	2.888031	1.000000	1.888031
ALOT32NAF4LSC:B000FBK43W	3.236888	5.000000	-1.763112
A284BNWF7AA58T:B000IG87QK	4.507886	5.000000	-0.492114
A3QHOGF853O0ZS:B0007XKGOA	3.595582	1.000000	2.595582
A1R28KDXWZTU6P:B000PGZPEU	4.497171	5.000000	-0.502829
AD4A8FN5KIM56:B000OVNMGE	4.586123	5.000000	-0.413877
A3UKZTT384UFKJ:B000FDXPKY	4.362516	4.000000	0.362516
A3KFG6YKOHG8MV:B000E3E6GM	3.548185	3.000000	0.548185
ATMIQTM26NO5X:B000HHM20M	4.617627	5.000000	-0.382373
A1SKQRIWY4DOM3:B00067IDY2	3.355611	1.000000	2.355611
A28O882A89Z4W:B0006TUA8C	3.284636	1.000000	2.284636
A2B96KNM3MU0UD:B0006TUA8C	3.792557	4.000000	-0.207443
A22BTA8XOKI8T2:B000N2Y632	4.365428	5.000000	-0.634572
A38J7KCWRY0SU:B000N2Y632	4.889400	5.000000	-0.110600
A7B16SSHM094P:B000NPXCGQ	3.322064	2.000000	1.322064
A1ER9FBAPA3O5Z:B000PGZPEU	3.967129	4.000000	-0.032871
A17E3TCJYTA80A:B000GBRP4M	3.827460	5.000000	-1.172540
A1TVA4OLW5RDYY:B0006IKE7U	4.051782	3.000000	1.051782
A1YUL9PCJR3JTY:B000G6HRZE	3.983259	4.000000	-0.016741
A2IR4LOEB7ED49:B000FBK446	3.418011	1.000000	2.418011
A2EQP3H3NH37V2:B0001DT3ZY	4.540302	5.000000	-0.459698
A1V1VV340870R4:B000MWXPKI	4.131730	5.000000	-0.868270
AQFYVQDBUTOR8:B000HHM20M	4.630632	5.000000	-0.369368
A22EGYMQTG2GBM:B000HHM20M	4.660336	5.000000	-0.339664
A72L9HIMK9S5Y:B00068TSGS	3.067951	5.000000	-1.932049
A2O5XKA4DILCQ9:B00067IDY2	3.907435	4.000000	-0.092565
A2LBC6K9R1J09:B000093IN2	4.309504	4.000000	0.309504
A8AICLQNB99XN:B000FEWBQC	4.399662	5.000000	-0.600338
A3EZQQY52QWU7P:B000HXMKXK	3.500051	5.000000	-1.499949
A3MEMX0XF00TBD:B000MWXPKI	4.180173	5.000000	-0.819827
AGEVRGK52SKSY:B0009Q1UI6	2.965375	1.000000	1.965375
A28H0WLNVBMKO0:B000MVZ2E6	4.748653	5.000000	-0.251347
A1AVANVFF4K9E0:B000MVZ2E6	4.636269	5.000000	-0.363731
A1X6R52V5VD0Q1:B0006GBSXG	4.369792	5.000000	-0.630208
A7YJN2A2NW27Y:B000MVZ2E6	4.833733	5.000000	-0.166267
A1B1CKA88XH7LP:B000MVZ2E6	4.746689	5.000000	-0.253311
A1Q2XLWWWRCCZ6:B000B7OSSW	4.672988	5.000000	-0.327012
A251URRLCFNBXR:B000N2Y632	4.401608	5.000000	-0.598392
A2JW6BUK0QNAS:B000CFD5QE	3.996141	4.000000	-0.003859
A2V3DDYKX0ONTT:B000MVZ2E6	4.099602	1.000000	3.099602
A3K8CQYL9HVR9X:B00004OCKL	2.809314	1.000000	1.809314
ABIMU2O37TFGP:B000FGVIGY	2.076404	1.000000	1.076404
A2JWV7VBRF4JD6:B000FGVIGY	2.426629	3.000000	-0.573371
ASMN4I157UAHR:B0006TUA8C	4.216903	4.000000	0.216903
A357PD3Y24WPIW:B000MVZ2E6	5.248248	5.000000	0.248248
A3GA09FYFKL4EY:B0000AS482	4.993783	5.000000	-0.006217
AJGU56YG8G1DQ:B000HXMKXK	3.646581	5.000000	-1.353419
AJGU56YG8G1DQ:B000HXML3Y	4.635514	5.000000	-0.364486
A715SCAJA3Z2H:B000HHM20M	4.192607	5.000000	-0.807393
AN8KSEOEJP4Y9:B000MVZ2E6	4.674995	4.000000	0.674995
A3TMH3ESKQN3L4:B0001DT3ZE	4.087456	4.000000	0.087456
A151D5ME14RFN6:B0001DT3ZY	4.147794	5.000000	-0.852206
A5X1JW6J3NVIT:B0006TUA8C	3.620347	4.000000	-0.379653
AUA7Q93UUFDJQ:B0001DT3ZE	4.216418	5.000000	-0.783582
A3NLU1687XDH8R:B000PGZPEU	4.244929	5.000000	-0.755071
A152YPNHAJPYDT:B000FGVIGY	3.186860	5.000000	-1.813140
A1XG3ZJ2L1NM3R:B0007XKGM2	4.314546	5.000000	-0.685454
A186LOC0NVBF5L:B000KI87Y8	4.582758	5.000000	-0.417242
A1WEOWXI14F6LX:B00004OCKL	3.010850	2.000000	1.010850
A2JDD8TAAV6DUB:B000GB4V80	2.931619	1.000000	1.931619
A1J3LW3IBPJV68:B000HXMKXK	3.664656	5.000000	-1.335344
AJQIUVVG4RK0P:B000MWXPKI	4.010674	5.000000	-0.989326
A18ZZ8W8A7PUW9:B0001DTZL6	3.965173	4.000000	-0.034827
ARASN3LR5F4BH:B0006IKE7U	3.648808	3.000000	0.648808
AFN7MJ5YHWD3Q:B0006GBSXG	4.667984	5.000000	-0.332016
A35P0TLUEJK28E:B000N2Y632	4.301376	5.000000	-0.698624
A32DXU3I6SYA3Z:B0007XKGM2	4.777071	5.000000	-0.222929
A32DXU3I6SYA3Z:B0007XKGJ0	3.404342	5.000000	-1.595658
ALV34HBUTUUDO:B000MVZ2E6	4.821616	5.000000	-0.178384
A2S5LGDW5ZC2UU:B0002TTKOQ	4.759426	5.000000	-0.240574
A9UE4ZEA6TXF3:B000B7OSTG	4.115109	4.000000	0.115109
A3TRCJVBFIBL8Q:B000NHXJ26	3.940123	4.000000	-0.059877
A7OXFEH6S3WM3:B000ADYTAE	3.071116	1.000000	2.071116
A2EULNTVHAOVUO:B000638HS8	4.229308	5.000000	-0.770692
A1QA985ULVCQOB:B000GKXY4S	4.505663	5.000000	-0.494337
AL771UU6Y6TWU:B0001DT3ZY	4.292451	5.000000	-0.707549
A1K882CHP85KYW:B0007XPZ5U	3.641125	3.000000	0.641125
AE0XH57NCYOTQ:B0000BYD56	4.392809	5.000000	-0.607191
A1CK2EP9A8NL04:B000N8YS5W	4.012426	5.000000	-0.987574
A1LAC622SRJGAC:B000B7OSSW	4.296173	5.000000	-0.703827
A3N82MYADWNHQ3:B000FAJJ16	4.767061	5.000000	-0.232939
A33M18GQYWRIUW:B000KI87Y8	4.495341	5.000000	-0.504659
A363KD163UR7S7:B000NP0K8E	4.353504	5.000000	-0.646496
A2WFIBZ0I8ZDG3:B0009WFWP2	4.959834	5.000000	-0.040166
A1J5XO1ZXU6NFO:B0007XKGM2	4.553971	5.000000	-0.446029
AS3Q2EWMYCV62:B000NW91UA	4.431363	5.000000	-0.568637
A2IV7Y0RCCFX69:B000GBRP4M	3.216959	3.000000	0.216959
ABXXM3GRFY42B:B000638HS8	4.418337	5.000000	-0.581663
A38BZ1FF0DTWWU:B000FGVIGY	2.163586	1.000000	1.163586
A3SJKIHSPA2MDZ:B0001DT3ZE	4.377509	5.000000	-0.622491
ALIQ8941FA16:B000OVNMGE	3.394573	1.000000	2.394573
A2YTZC59DXH7KU:B000N2Y632	4.704646	5.000000	-0.295354
A142CYNVL1UTP1:B000B7OSRS	5.002200	5.000000	0.002200
A2FU77UL3NESXH:B000GJ58PW	3.938291	5.000000	-1.061709
A39IO1R6ZM9TZ8:B000GIEVNS	4.668611	5.000000	-0.331389
A3BPXL02KIHS47:B0000BYD4Y	4.272624	4.000000	0.272624
A3582YZ05M9NU5:B000MVZ2E6	4.813029	4.000000	0.813029
A27HPUFJSOWS8M:B000HHM20M	4.475683	4.000000	0.475683
A3SDDMEUMCN858:B000HHM20M	4.504476	5.000000	-0.495524
A1QLOBI53PMV31:B000GB4V80	3.221836	2.000000	1.221836
A3SZYK7KB5R3FA:B000JQQTGY	4.899357	5.000000	-0.100643
A20S6XUW9RDN4Z:B000JQQTN2	4.401696	4.000000	0.401696
AREPTYTG5ET8N:B000F8V2GI	3.764622	5.000000	-1.235378
A12NW58KTHV36O:B000GECD6E	4.348295	5.000000	-0.651705
A14TH63MVZQPS3:B000GJ58PW	3.646641	3.000000	0.646641
A3BZTK45EB2QEG:B000JCUTNC	3.269149	1.000000	2.269149
A38HV0TQ960POI:B000FGVIGY	2.730150	5.000000	-2.269850
A1BPB01C862XC7:B000B7OSSW	3.586868	1.000000	2.586868
A1KLPKLZFA188P:B0007XKGJ0	2.797955	1.000000	1.797955
A13R5N3YMSND06:B0007XPZ5U	4.037570	5.000000	-0.962430
A2RMPWVN9ZOGIL:B000MWXPKI	4.497606	5.000000	-0.502394
A1MQS9PN3JILH1:B000MVZ2E6	4.876486	5.000000	-0.123514
A1TC1S4PZD2RWM:B000MVZ2E6	4.580816	5.000000	-0.419184
A1TPRSYP642WQ8:B000B7OSRS	5.262089	5.000000	0.262089
A1BMW6X8JNZ8IR:B0007W2JTG	4.621557	5.000000	-0.378443
A17TAUD1NJE3Z4:B000BQQM0U	4.687157	5.000000	-0.312843
A1HCUKBU23AXG6:B000FBK43W	3.090594	5.000000	-1.909406
AVFLKG41L2KAY:B000B7OSSW	4.692384	5.000000	-0.307616
A2DMKXIKO2KCAM:B000GBRPH4	4.623088	5.000000	-0.376912
AKQFM8Q42GXN0:B000MWXPKI	4.017277	4.000000	0.017277
A35LEPKBUPELUF:B000MVZ2E6	4.423233	5.000000	-0.576767
A227SDN2M8XZPX:B000JQQTGY	4.884796	5.000000	-0.115204
A341KMJ3QH1G81:B000CFD5SC	2.360308	1.000000	1.360308
A3F9FBAEPCLMYO:B000MWXPKI	4.088965	5.000000	-0.911035
A3KXTF0LG0NEBF:B000MVZ2E6	4.511859	5.000000	-0.488141
AJD41FBJD9010:B000IG2OXC	3.930319	5.000000	-1.069681
A3QIK1MUX8WIN6:B000IG87QK	4.621129	5.000000	-0.378871
AWNAX96TNDSYJ:B000OVNMVY	3.403552	1.000000	2.403552
AR6UQG4HUEUH1:B00068TSGS	2.292087	1.000000	1.292087
APEFKQIJDZBFT:B000G6HRZE	4.183365	5.000000	-0.816635
A2CZHSJ6PTD1JG:B0000AS482	4.601777	5.000000	-0.398223
A269LAPTGBYYEZ:B000MVZ2E6	4.559128	5.000000	-0.440872
A18Z0Y30I2R9TB:B000F8VE52	4.592373	5.000000	-0.407627
AP96AG8S5XQEB:B000FZZ0CI	3.988423	5.000000	-1.011577
A2ASIG3CQ8JB8A:B000B7OSSW	4.774962	5.000000	-0.225038
A3ARSPDQYDZVNS:B000MVZ2E6	4.431704	4.000000	0.431704
A1M11EL5M1S1FL:B000N2Y632	4.722350	5.000000	-0.277650
A1MVKVY78K0P1A:B000GBRP4M	3.419041	3.000000	0.419041
A2IDRAYYZ5GKBZ:B000B7OSTG	3.726114	3.000000	0.726114
A17A5MP6TIOJN:B0006H1LO6	3.750356	4.000000	-0.249644
A1CXWKMLGDCJGX:B000KBH8ZO	4.174189	5.000000	-0.825811
A7G44GKK6RFD2:B000B7OSTG	4.744828	5.000000	-0.255172
A2AD3815L14ZE9:B0002Z1HMS	3.357826	1.000000	2.357826
A397IDCZG70AQ7:B000OVNMGE	4.127407	5.000000	-0.872593
A2NUZUM0LVQBWU:B000N2Y632	4.358938	5.000000	-0.641062
AU9NF2O6AWBNL:B000MVZ2E6	4.284887	4.000000	0.284887
A2GNYMZ8CA2YJJ:B000HHM20M	4.753688	5.000000	-0.246312
AUFVH3JEFQ6HI:B000N2Y632	4.453033	5.000000	-0.546967
A3KI1Z853CZ7DR:B0007XKGM2	3.872115	2.000000	1.872115
A3HPCRD9RX351S:B000CFD5SC	2.883264	4.000000	-1.116736
A2C6ZTZ9F3F0Z8:B00070QQZQ	4.280733	4.000000	0.280733
A1W3ZAKFIDGM13:B0006IK1DW	4.652514	5.000000	-0.347486
AY9QWGGR7LDHY:B000H83520	4.499910	5.000000	-0.500090
A2YLT2JCG0EC6F:B0006GBSXG	4.573431	5.000000	-0.426569
A3H02YOGS1AO6D:B000KI87Y8	4.382848	5.000000	-0.617152
AVXCLA9WAZ9WW:B0001DT3QS	4.392562	5.000000	-0.607438
A3IQRPPZ9TOCY5:B000N2Y632	4.111998	1.000000	3.111998
A7RU2M0JV82LM:B0006TUAL4	3.792404	4.000000	-0.207596
AOYMG4XXFQO1V:B000MVZ2E6	4.821907	4.000000	0.821907
AJ44QUZPAA0Y7:B000MVZ2E6	4.572649	4.000000	0.572649
A1GV97QOVZR7NR:B00068TSGS	2.871522	5.000000	-2.128478
A3K6BKEEU03J1R:B000FBK43W	2.932504	1.000000	1.932504
A6235E8UIAR9Q:B0000BYD4Y	4.190504	3.000000	1.190504
A3IRM0EHEPL08V:B0001DUBWI	4.733916	5.000000	-0.266084
A3HNL6T0YJD6NT:B000FGVIGY	2.682681	5.000000	-2.317319
A3W1AYLQ2MM9Z:B000GBRP4M	4.358290	5.000000	-0.641710
A1XOK2E84T1WY:B000FBK43W	3.313167	3.000000	0.313167
A1455OZQRYBHED:B00000IUF7	3.978081	4.000000	-0.021919
A1Y7HG4EEGQUOZ:B0001DT3ZY	3.703705	4.000000	-0.296295
A18STJN3901AV7:B00068TSGS	2.031282	1.000000	1.031282
A18STJN3901AV7:B0001DT3ZE	4.073830	5.000000	-0.926170
AHLU75XIG94TZ:B00004OCKL	3.956451	4.000000	-0.043549
AACC1CEUNLKGY:B000IZ8U72	4.275555	4.000000	0.275555
A2VLHAQPJPXSUS:B000271KQ4	4.453112	4.000000	0.453112
AEB1TI89YFLYU:B000G6HRZE	3.388621	3.000000	0.388621
A2IBBBH7XR92WV:B00070QQZQ	3.816819	3.000000	0.816819
A2TJ9YC0WJVTWU:B00068TSGS	2.341510	1.000000	1.341510
A3P969K133IDIR:B0006GBSXG	4.602243	5.000000	-0.397757
A1MLXXY342P2DE:B000OVPEF6	3.902950	5.000000	-1.097050
A3HFDS5EZFB4H5:B000HXMKXK	4.238169	5.000000	-0.761831
A3RJSBIZ09BZH2:B0009WFWP2	4.537005	5.000000	-0.462995
A14MSHFCXPARFS:B000GQQ2XM	3.987142	3.000000	0.987142
A17771LTRWSKQ5:B000MVZ2E6	4.412621	4.000000	0.412621
AMKQP0R290TLS:B000PGZPEU	4.636196	5.000000	-0.363804
A3CM7R6TWRW63F:B0007XKGM2	4.043108	5.000000	-0.956892
A2QCMM975FJWS7:B000H5FXL4	2.611573	1.000000	1.611573
AKCASK72DWN2Q:B00067IDZQ	4.717458	5.000000	-0.282542
A3R6HA9G6U973U:B000CKVTM6	4.236715	4.000000	0.236715
A2T4E8NJ74M1IV:B000FGVIGY	2.499462	1.000000	1.499462
A140N2G962I15H:B0001DT3ZY	3.584135	2.000000	1.584135
A85R0YVAH0TV8:B000HHM20M	4.749550	5.000000	-0.250450
A3VIAM3HEZSYJ0:B000HHM20M	4.696521	5.000000	-0.303479
A36C867ZDP30NQ:B000JQQTGY	4.917730	5.000000	-0.082270
AOPAERREMIYLP:B00004OCKL	3.343192	5.000000	-1.656808
A28755FH3VHZ65:B0001DT3ZE	4.392570	5.000000	-0.607430
A3QZU3A1L17O3M:B000MVZ2E6	4.634840	5.000000	-0.365160
A3DV7SVPM0IPR7:B000N2Y632	3.815935	3.000000	0.815935
A1WJ5EU1QQ401J:B000H83520	4.614669	5.000000	-0.385331
A32QAMRLBQJ29G:B0006HBT8O	4.551607	5.000000	-0.448393
A2DNRE53R4CZH5:B000B7OSRS	4.635091	5.000000	-0.364909
A1RBSR39PIMNN8:B00067IDXS	4.373578	5.000000	-0.626422
AAF6EZNG34SHQ:B000OVK262	4.388074	5.000000	-0.611926
A1OM9VTS7QNGPQ:B0006H1LO6	3.407440	2.000000	1.407440
A27Q4BBPQIA5Q8:B000AE65U0	4.285471	4.000000	0.285471
A10WE9DAZJ97LU:B000HHM20M	4.547483	5.000000	-0.452517
A3SGDSFSS0H05S:B000PIJZJY	4.304404	5.000000	-0.695596
A313XN6R7IPTMZ:B000F8V2BI	4.634856	5.000000	-0.365144
A2DZTZ5FC10QE7:B000NHXJ26	4.694688	5.000000	-0.305312
A10P1JKSVOKIIU:B0001DT3YU	4.701562	5.000000	-0.298438
ARS7ELT75MSFQ:B000MVZ2E6	4.659143	5.000000	-0.340857
A1LD711MXT5YU1:B00004OCKL	2.616734	1.000000	1.616734
A1QS1ZWTD1CZQ9:B000MVZ2E6	4.451765	5.000000	-0.548235
A17QAZ5VPCRFJT:B0009VXFFC	3.634461	3.000000	0.634461
A3IYT53WJMCIWF:B000OVNMOG	3.565745	1.000000	2.565745
A300PZ4MT57BZK:B0001DT3ZE	4.282770	2.000000	2.282770
A1RAP7BY14TRK2:B0006HFD2W	4.631042	5.000000	-0.368958
A35JP75U1V84B9:B0001DSK8U	4.352801	5.000000	-0.647199
AVKSXNKHS6I6G:B0009WFWP2	4.896583	4.000000	0.896583
A1Y7R00D0CXSDD:B000HHM20M	4.477513	5.000000	-0.522487
A3ISYJ24KO7RSV:B000HHM20M	4.285948	5.000000	-0.714052
A3OBIA9RTQC46P:B000PS3SGK	3.076223	1.000000	2.076223
A3OBIA9RTQC46P:B000PS2DLQ	2.682939	1.000000	1.682939
A2A22IYGK4ZPBE:B000140KI2	4.684425	5.000000	-0.315575
A13OFOB1394G31:B000CFD5SC	2.686797	2.000000	0.686797
A2BO1A3SVVI6W2:B0001DT3ZY	3.828415	5.000000	-1.171585
A10XMVH5TWF753:B0000BYD4Y	4.266786	3.000000	1.266786
A20ZWCGXB2J9TO:B000B7OSS2	4.505262	5.000000	-0.494738
A31BMWQ2I73J51:B000B7OSSW	4.374435	5.000000	-0.625565
ALCKGM3XF391:B000FBK43W	2.969359	4.000000	-1.030641
A2WIUAGPME4UEY:B000JQQTGY	4.672694	5.000000	-0.327306
A2PLHV5F0GLVU9:B000MWXPKI	4.142795	5.000000	-0.857205
A27Z9YL9EA14E1:B000FBK446	3.366489	2.000000	1.366489
A2MHJDRFUJZZ8X:B000B7OSRS	4.707859	5.000000	-0.292141
A1Z967D4RZLX7N:B000CFD5SC	2.697458	5.000000	-2.302542
A2Z1VQWX0JAF2K:B0001DT3ZE	4.783463	5.000000	-0.216537
A3Q8R3OPJPSFGS:B00004OCKL	3.458857	5.000000	-1.541143
A1IEI8HBDJG750:B000PGZPEU	4.696789	4.000000	0.696789
A2D6PDBBNJ7FG1:B000CFD5SC	2.819129	2.000000	0.819129
A9NS25H9Z7SRC:B0000BYD4Y	4.780074	5.000000	-0.219926
A18LMW0132NJT6:B000OVNM64	3.741261	4.000000	-0.258739
A2M87TSBCECWLY:B000B7OSSC	3.184212	1.000000	2.184212
A3Q3EJRZDUH1EZ:B0006GBSXG	4.458864	5.000000	-0.541136
A2QYPEC9H2H6W6:B000B7OSSW	4.336134	5.000000	-0.663866
AUI0BZ2GZKITO:B000MWXPKI	4.205243	3.000000	1.205243
A1BSAMBM88ZLP5:B0001DT3YU	4.911567	5.000000	-0.088433
A2N7KWJOOMJJ31:B000KI87Y8	4.126399	5.000000	-0.873601
A1YP9UX0COL7U6:B000MVZ2E6	4.774958	5.000000	-0.225042
A1CE2VHUJSCVK9:B000OVK2FI	3.579570	1.000000	2.579570
AZ5ESCOYJQLBD:B0001DT3YU	4.544238	5.000000	-0.455762
A2XV0PPAY47TYO:B0006IK1U0	4.358915	5.000000	-0.641085
A1ZG7WRSB4T7MC:B000H5FXL4	2.585171	2.000000	0.585171
A2PLFRKBWV94WP:B000IG87QK	4.513003	5.000000	-0.486997
A14LJM5U5PKCNT:B000MWXPKI	4.213114	4.000000	0.213114
A2G0UVKLY9HQKV:B000AE65P0	4.981606	5.000000	-0.018394
A32Q9704UGN65R:B0006GBSXG	4.653398	5.000000	-0.346602
A2XY24KB7IYLQM:B000F8VE52	4.441801	5.000000	-0.558199
A3FVVB04DFMKYD:B000HXMKXK	2.954517	1.000000	1.954517
A2STUS7Q1RIJ9W:B000IZ8U72	4.413981	5.000000	-0.586019
A2HXOQX624QVB3:B000JQQTGY	4.621666	5.000000	-0.378334
A2PWQ0X2O9KEZW:B0006GBSXG	4.615698	5.000000	-0.384302
AU9HKS2L1GPKE:B000HXMKXK	3.710016	5.000000	-1.289984
A5GSMEC9OUXIR:B000COHFJI	4.535927	5.000000	-0.464073
A2NWTAX1KXV3VY:B000MQFU4I	4.202194	5.000000	-0.797806
A1Z9TNMDEH7Y4S:B000KNJCTW	4.592858	5.000000	-0.407142
A1RTR8KE4HU1YN:B0001DT3ZY	4.483982	5.000000	-0.516018
AAU7H21NGFJIN:B000HXMKXK	3.482868	3.000000	0.482868
A3KW019EWAFUZ0:B000HXMKXK	3.711484	4.000000	-0.288516
A5AP3GVHSCIL:B000PGZPEU	4.622707	5.000000	-0.377293
A20K7D1J7NEIPD:B000N2Y632	4.110160	4.000000	0.110160
A3ITPRR2PZU6PR:B000F8V2BI	3.492741	2.000000	1.492741
A34QR1ZLFAS1AM:B000B7OSSW	3.909860	3.000000	0.909860
A3HEG0211MIDWI:B000H5FXL4	2.588377	1.000000	1.588377
A1G7B9RWXCQHRW:B000C2G0C8	4.576055	5.000000	-0.423945
A9PLYB792R5E0:B000MVZ2E6	4.556985	5.000000	-0.443015
A2R9JX03BL0K4A:B0001DUCDQ	4.169593	4.000000	0.169593
A2R9JX03BL0K4A:B0001DUCC2	4.163552	4.000000	0.163552
AI6QX40JVX5LM:B000MVZ2E6	3.973143	3.000000	0.973143
A2GV77QFLAXJ8U:B000MVZ2E6	4.946615	5.000000	-0.053385
A1X4UL80Z7D88H:B0006IK1OG	4.354397	5.000000	-0.645603
A25FPX1WYFWNPQ:B000B7OSRS	4.937482	5.000000	-0.062518
A10Z80F847C89N:B0009WFWP2	4.985577	5.000000	-0.014423
ACHGU9ZFSKXKW:B000B7OSSW	4.310482	5.000000	-0.689518
ATWAJB0TCFZML:B000JQQTN2	4.322652	5.000000	-0.677348
AQV5JJBWW7ZG6:B0001DSKBC	4.478746	5.000000	-0.521254
A23W70OULWUSU:B000MRR9K0	3.439731	2.000000	1.439731
A2P99LRDXBF8NF:B0006GBSXG	4.635847	5.000000	-0.364153
A1ONANWB8TK86X:B000HHM20M	3.723741	1.000000	2.723741
A271NLOEIQ3ZG7:B0009WFWP2	4.575744	5.000000	-0.424256
A3KIAE4A4UUSUX:B0000X1H90	4.198727	4.000000	0.198727
A2LB7OYA1JZ6ND:B000B7W2S0	4.642084	5.000000	-0.357916
A1G4QQH0V0FQ3N:B00068TSGS	2.304240	2.000000	0.304240
